1461243310.02414 3.20473676698983e-06 1.5696370136068e-05 -3.32152642802202e-05 1.92318926530687e-06 -1.61605437352534e-06 -1.05903705256372e-06 0.999999999996284
1461243310.64298 -0.00697182608967035 -0.0383763415548121 0.0451664669778823 0.0177509775552102 0.00180760142821724 -0.0537876960649577 0.998392968287004
1461243310.90261 -0.00923843379738878 -0.0939359919864032 0.0831327961597172 0.0570300256173265 -0.00152546702860217 -0.0781510719408056 0.995307821270854
1461243311.22419 -0.0220847052684401 -0.133449245705048 0.147881883595662 0.0497897601824939 0.00255019001259028 -0.110217758330899 0.992656296036237
1461243311.54294 -0.0522025956885944 -0.219850838466663 0.211158476888891 0.0336247037761612 0.00217061027817729 -0.140766895088673 0.989469225895419
1461243311.72256 -0.104814410908499 -0.248246295135486 0.278677901363074 0.0253410404077693 -0.0187858492744703 -0.155733214900722 0.987295340470507
1461243311.84261 -0.156341597208996 -0.29134054605367 0.327854591308496 0.0588162543960324 -0.0481025906499513 -0.138317234035301 0.987469053571001
1461243311.96282 -0.21136691961522 -0.299058133926885 0.387115365374543 0.0712874977353963 -0.0857698567459253 -0.12705082970314 0.98560626571271
1461243312.10292 -0.273284070177072 -0.317229805462493 0.453583931566285 0.0999848584326354 -0.116883481066028 -0.105164254970515 0.982487536518703
1461243312.22536 -0.331560860286096 -0.324536783090657 0.513305650274677 0.112377758891476 -0.153484854717657 -0.0956990535890258 0.977064649765303
1461243312.34313 -0.394777188879478 -0.323664073811409 0.573197220142839 0.115734172952282 -0.197814632308024 -0.0771345932754128 0.970322228425243
1461243312.56285 -0.482866860792668 -0.308368738074823 0.69890750744505 0.107367169388269 -0.208126723813584 -0.0417162340631049 0.971295688031079
1461243312.76253 -0.550877624291786 -0.290505321588661 0.809732493218625 0.109345718102184 -0.182630835109667 -0.0170213509278429 0.976933859384787
1461243312.94301 -0.613370642600829 -0.284288135308875 0.90852058216688 0.110741946411582 -0.154403228371127 0.0094113595948519 0.981736874464907
1461243313.0825 -0.664781972260147 -0.278628094209646 0.995772218432687 0.0986239674548092 -0.119748073377186 0.0108730079298893 0.987833735840441
1461243313.20282 -0.714641212317105 -0.275249015373185 1.08305042212945 0.081953069833097 -0.0846754840715417 0.0269230442930855 0.992667570956246
1461243313.32288 -0.77241901348669 -0.272728336432259 1.17362418856577 0.0484062261484376 -0.0651882721174146 0.0570315477204904 0.995065188323367
1461243313.46299 -0.846442992581512 -0.284747835024165 1.27253063507672 0.0254969880444685 -0.0630712131902258 0.0606056765929341 0.995840789299216
1461243313.6024 -0.912658359864785 -0.3137235996419 1.35755398830917 0.0262365251021922 -0.0504530634587678 0.0808260277796355 0.995104661013882
1461243313.7225 -0.966357985822357 -0.337807178602191 1.42902518264722 0.0308482031122847 -0.0227884146055919 0.097680422173556 0.994478562689263
1461243313.82277 -1.00528011136559 -0.358542189451005 1.4867881333421 0.0292377923071033 0.0156012157819942 0.0904271899438432 0.995351534326436
1461243313.92242 -1.0410361757065 -0.389542569073067 1.53857738621143 0.0467572548262236 0.0590889763101678 0.0941902897597675 0.992698565182152
1461243314.02273 -1.07922516848503 -0.414542145211009 1.58441907575425 0.0313624200144238 0.100734026171088 0.0943018621902474 0.989937479525678
1461243314.14243 -1.1263383067235 -0.450154376131085 1.62909361821385 0.0273408641773467 0.129291691677453 0.079836424674775 0.988009251426507
1461243314.28252 -1.1865891116614 -0.496235957401215 1.66215105667943 0.0511712808515814 0.142481720806233 0.0771543182102368 0.985458101815403
1461243314.44251 -1.25977309695332 -0.527810951778763 1.6791388710368 0.0775416977811298 0.150815567117106 0.0780435854063842 0.982421064817567
1461243314.62233 -1.35355745006374 -0.530926846727446 1.69388343808934 0.0642901380646038 0.153186451109633 0.0805940394893709 0.982804807753226
1461243314.76276 -1.43529977241835 -0.533225242381896 1.69832827943523 0.0502381381372463 0.130130862371411 0.0853274968464382 0.986540068328143
1461243314.96265 -1.53827637662941 -0.557121650341623 1.7001198266687 0.0493037280224731 0.117470259177996 0.098716212879238 0.986927043872302
1461243315.12232 -1.63669451933768 -0.575717795409902 1.71641472720887 0.043492583070864 0.102052587601811 0.0887661690416885 0.989855662112038
1461243315.26239 -1.73121120366327 -0.597954851869606 1.73485098834285 0.0579447233823087 0.0922704720963095 0.0891072589841893 0.990044678490621
1461243315.38255 -1.81923773517248 -0.61560907621339 1.75428020775749 0.0639763108867563 0.0708422377364572 0.0895476608029187 0.991397813918579
1461243315.50237 -1.90238848454242 -0.643544424863423 1.77697046261391 0.0893027202664238 0.0571496778831102 0.0874776456570669 0.990508253363479
1461243315.64256 -1.98397613418463 -0.668393777967414 1.80928251024631 0.0943986956711262 0.0572696650033401 0.123358841154712 0.986200622609295
1461243315.76227 -2.06558785734057 -0.70244104730829 1.83221344730941 0.100800572167194 0.0403593612175037 0.143638645418774 0.983655583095598
1461243315.86248 -2.13980938849554 -0.738904029650757 1.84351926858824 0.110342063007083 0.0130847402650223 0.151426197640328 0.982203403258068
1461243315.96258 -2.20742852186292 -0.781320638859376 1.8443625951333 0.137266052843057 0.00102717291780082 0.156618846371704 0.978073367705041
1461243316.08275 -2.27700526860984 -0.814464108120818 1.83643498745287 0.163074411275928 0.00940153795481281 0.177766539743228 0.970421251219703
1461243316.20279 -2.35278797993687 -0.807585915026444 1.83378021039401 0.152989378371736 0.00241405306572499 0.198535575576847 0.968076467890629
1461243316.28285 -2.40931723763809 -0.780177412928815 1.83627847064661 0.115003223739442 -0.00999542813000357 0.229985898647401 0.966323360148859
1461243316.38352 -2.4768904530081 -0.738555545129883 1.83709975612107 0.0736681084034517 -0.017364593184553 0.236929491387187 0.968574156592463
1461243316.4824 -2.54025915348932 -0.692232298756318 1.834811828295 0.0315649519066455 -0.0291708352808944 0.21617499582241 0.975408164493884
1461243316.56296 -2.58971954914683 -0.651985822074798 1.83044087078485 -0.00513126508652994 -0.0502114249945526 0.200545114313929 0.978383432016018
1461243316.6438 -2.63084106656595 -0.609030458987835 1.82467490492575 -0.0415642838177652 -0.0598771011568261 0.197001490104137 0.977689907876992
1461243316.74306 -2.67132240764508 -0.552924719512511 1.8157900010657 -0.0870884650110468 -0.0634733723760442 0.19989639854171 0.973872763820452
1461243316.90261 -2.69261262130858 -0.493576941979753 1.80453974556645 -0.114618586748424 -0.0402344773738803 0.183243245679741 0.975533535720325
1461243317.04232 -2.66102418770755 -0.470072391201211 1.80133799749786 -0.107559734243129 0.00797457025677292 0.189905165152118 0.975860306625551
1461243317.16262 -2.61715506925185 -0.445150221996083 1.79752590923201 -0.107396165681589 0.0497616520102343 0.202331123477944 0.972137828735338
1461243317.28226 -2.57340461486147 -0.403922018494077 1.77997391603754 -0.121641143067826 0.0693949113506517 0.178475219134977 0.973927294384191
1461243317.36221 -2.53496063175708 -0.367177056538079 1.75716968459824 -0.144959513224663 0.0983262149485446 0.17181406055668 0.969432113958779
1461243317.46219 -2.4837259537413 -0.322216303612008 1.72064784878992 -0.172026611877263 0.124347399066998 0.185064448677543 0.959528904716778
1461243317.58221 -2.41180827741539 -0.285793983613345 1.67070403109173 -0.187806499347173 0.142039712482385 0.175234644314286 0.955953062818948
1461243317.68295 -2.34571000817302 -0.262180960771895 1.62652907822521 -0.206373203212458 0.156114259527049 0.169377349697436 0.950973055547644
1461243317.80224 -2.26159565301052 -0.256520228154317 1.58517970414975 -0.190068716518957 0.167391685250547 0.151516825866235 0.955456204223532
1461243317.90286 -2.18680241649199 -0.258533703919277 1.55720266003166 -0.170085841519374 0.189989389479281 0.1544837697742 0.954520614379956
1461243318.02242 -2.09511328711464 -0.260941963221922 1.53413772015979 -0.154732959149345 0.199992908065132 0.148061570070336 0.956105809806031
1461243318.12226 -2.00920308699184 -0.264142462255104 1.5195720088702 -0.129626020292647 0.224770024426343 0.14349355056257 0.955031482166645
1461243318.22216 -1.91996930381338 -0.263912353734535 1.51485142273787 -0.109517716040416 0.240770940567737 0.138427698055903 0.954396666204552
1461243318.32364 -1.82989509567383 -0.268613400915246 1.51710533549144 -0.0862439490678876 0.260198987186203 0.133750545538807 0.952349337105099
1461243318.42245 -1.74008787887234 -0.282298012390907 1.52357029965883 -0.049233914929217 0.283168538189792 0.134953438856636 0.948250583939165
1461243318.56267 -1.63134736511102 -0.311448841879489 1.54175857961479 -0.0161761756411811 0.28017299875092 0.110338439147217 0.953449972971366
1461243318.68388 -1.53643812583253 -0.331972855442347 1.55301645112507 0.00864064390886884 0.296663238049209 0.111453097394795 0.948416822680885
1461243318.8044 -1.44265899938994 -0.341998063451773 1.5723279948281 0.0438090489306157 0.298226720433933 0.101203875605818 0.948103035546969
1461243318.9424 -1.33163898641322 -0.3395445693964 1.59733992154839 0.0602845811566502 0.298530856554781 0.0810390491699522 0.949040446698172
1461243319.06212 -1.23249432736291 -0.333738766904634 1.62018817492555 0.0639016547714698 0.309454091292947 0.0697261428440155 0.946199243766143
1461243319.22208 -1.11785615234485 -0.327276595698385 1.66299553457445 0.0601129795288391 0.310118881262784 0.0723647217437429 0.946031741657454
1461243319.3625 -1.02859078716114 -0.312769462851225 1.71067492316875 0.0483466368068319 0.317585763111904 0.0936933114604304 0.942349961089656
1461243319.52457 -0.937876130318819 -0.282569535870575 1.78319642229252 0.0522789552719415 0.317988880133754 0.09592701653738 0.941779162248344
1461243319.66221 -0.865024030060958 -0.244008707672099 1.87203845166941 0.0274242696414601 0.323108215891008 0.0831958880883068 0.942299015421093
1461243319.80215 -0.798412656843423 -0.224272223525146 1.97585472515983 0.0363005786120825 0.320786397196222 0.0784047018455333 0.943202554118048
1461243319.92255 -0.741424738599304 -0.210637331554722 2.06217929659533 0.0376722116132542 0.331208457156781 0.0909752310939195 0.938405706348485
1461243320.04349 -0.687520284520442 -0.210708728858451 2.14643263665393 0.0579214626004119 0.333786996192827 0.0990887111049179 0.935634956954028
1461243320.14206 -0.637810818401771 -0.205944993490772 2.21387999979625 0.081315410192751 0.347587491146665 0.117715056349553 0.926668174468171
1461243320.24206 -0.591178257573207 -0.193315064022848 2.2847210926844 0.096380313650591 0.362373090888188 0.133227701657915 0.917413188073784
1461243320.32253 -0.557298935877365 -0.179995918715233 2.34972557028925 0.102465039356802 0.360131384767754 0.147589127386363 0.915436371842522
1461243320.4024 -0.523231403799234 -0.168722905432678 2.41417420594738 0.104207097592997 0.36813303184915 0.154592536293988 0.910889729547429
1461243320.48244 -0.493861339541784 -0.162462158623008 2.47921776754082 0.100818033576584 0.367570329388995 0.153473564210422 0.911687250183508
1461243320.56201 -0.465016199954784 -0.156039349791742 2.54097679287655 0.0899110015310014 0.373423630045361 0.153632365005073 0.910421825721674
1461243320.62301 -0.444235896262574 -0.150393346838459 2.58484682655985 0.0918334875148713 0.37421016074456 0.163695366699288 0.908150424262177
1461243320.68245 -0.422736402418429 -0.142335932040163 2.62600221501541 0.0956184542265601 0.381506823988681 0.172859467611065 0.903011217493234
1461243320.74253 -0.401807963993307 -0.129084235335696 2.66782606821082 0.0871512776074421 0.388701350882912 0.172208491180998 0.900921833567349
1461243320.80206 -0.38001913404499 -0.114580158481284 2.70819379720322 0.0880389545662237 0.399211789089721 0.174583789063095 0.89576759850256
1461243320.86229 -0.35655500443935 -0.0954511592205252 2.74605510734826 0.0874135536539855 0.418545261963679 0.185823456609628 0.884674164480339
1461243320.92403 -0.332522317756074 -0.0765313643495471 2.78437854341887 0.0792347391901985 0.436823306198029 0.183763790260782 0.87700520218336
1461243320.98228 -0.307871412026194 -0.0578182532845873 2.82025206164953 0.0709862370106926 0.458594751306103 0.18793405400767 0.865639994208792
1461243321.04266 -0.283733569871951 -0.0442569382081221 2.85370420187599 0.0711712426589354 0.472119643917518 0.192742289686701 0.857256149474535
1461243321.10269 -0.258966533541537 -0.0346937502826155 2.88208401640522 0.0782547271163974 0.493452604112343 0.19784330074859 0.843349721958565
1461243321.16251 -0.235421589619959 -0.0253411098497316 2.90863233267195 0.0764622716510385 0.504913656586703 0.203515032932271 0.835342655307859
1461243321.22417 -0.211053815496292 -0.0173074609010346 2.93475447507633 0.0705487418091043 0.515332158591371 0.204457176699393 0.829248397192798
1461243321.3025 -0.176366977941489 -0.00883087504492686 2.96624159348318 0.0838294760957243 0.525499222318577 0.217064392174313 0.818355812547381
1461243321.3819 -0.141704367344804 0.00145287235542982 2.99580892978816 0.0876330188325014 0.530903666058362 0.218526026096175 0.814068871346097
1461243321.46248 -0.106310964874668 0.0127458487167342 3.0247232314887 0.0897557199282877 0.535133260759621 0.216203827613824 0.811684796515286
1461243321.54196 -0.0711190766845031 0.0265835590802933 3.05662494495272 0.0801808604950096 0.531195856142341 0.204261141966157 0.818339402638151
1461243321.62382 -0.0344017835215136 0.0447378430130538 3.09132746831947 0.0606809685973809 0.516004159051279 0.197140512618415 0.831380265688581
1461243321.70203 0.00398857908693784 0.0620605919748385 3.12582331695106 0.0503248218930778 0.508207266217816 0.189927768138927 0.838522647132807
1461243321.76256 0.0304169268918795 0.0723135423131247 3.15476698583666 0.0355947969030121 0.495726166976278 0.174121747532553 0.85010010871935
1461243321.82371 0.0559747996335267 0.0753904498205952 3.18597179181898 0.0410036155012842 0.478299549291546 0.158785515866433 0.862748749413384
1461243321.88217 0.0747481561574741 0.0760983628881649 3.21761356019899 0.0390206390722314 0.457984342052563 0.13942296306993 0.877091197954852
1461243321.96253 0.104813304840915 0.0780132694982362 3.2557576080373 0.0449195777640112 0.444234022668126 0.137542258336049 0.884149586783491
1461243322.04262 0.131826776641836 0.0801614520467494 3.29203419697331 0.0513607365430371 0.434590236034664 0.132991846379979 0.889273057211077
1461243322.16249 0.172083614074103 0.0883581513947714 3.35060564933355 0.0647900675714967 0.420139400940084 0.14268942271732 0.893825967158253
1461243322.30192 0.227635490915579 0.108763419978361 3.41773974335395 0.0820329604985527 0.440813571535121 0.154364739005597 0.880412128434194
1461243322.42445 0.284336936303623 0.131271802176538 3.47529077973141 0.0950612020229573 0.465823984749279 0.157846639460748 0.865480110408785
1461243322.52422 0.331963943710888 0.147287782460569 3.51951370063496 0.103809693786941 0.48639286512951 0.160093535547261 0.852652090892261
1461243322.60228 0.371485424955109 0.161329593512991 3.55220286538931 0.100905112272658 0.50897257104548 0.16515076344114 0.838743289436884
1461243322.72386 0.430841020941889 0.180317344974873 3.60028003441513 0.0981923741304477 0.526985038475568 0.178004963258673 0.825202556916063
1461243322.80204 0.472889981480978 0.194788914873137 3.6293768381233 0.10081706374352 0.546369419869394 0.177896066046466 0.812200324042602
1461243322.90197 0.525668997878891 0.216092586431938 3.66655983331735 0.0940294301564259 0.560945067445375 0.172190882162846 0.804269480754518
1461243322.98256 0.572642653490286 0.228302440348726 3.69198560012676 0.106719915510281 0.572120675483061 0.17036506328031 0.795150638264084
1461243323.06201 0.622291240223848 0.237466964357933 3.71551247208053 0.121112343746525 0.587667452784539 0.166030214000796 0.78256803740557
1461243323.18365 0.697960054042175 0.246939302288845 3.75054399155571 0.114949472187194 0.611169519077521 0.15433365600391 0.767749673017777
1461243323.32496 0.789748077603107 0.252252297889619 3.7835485414163 0.116635018475242 0.629915861702714 0.135778604937437 0.755755549157167
1461243323.44336 0.875422987873303 0.271982408756548 3.8051168987743 0.117559718941168 0.65085481683525 0.128326870057464 0.73898574702499
1461243323.52195 0.9376982079776 0.288885442487867 3.81549701532909 0.125617142023463 0.667626467537583 0.126782809219445 0.722787211259007
1461243323.6018 1.00749218267377 0.309615323133195 3.82418706054164 0.120949165588638 0.686284375660966 0.120855487634657 0.706950497683989
1461243323.68194 1.07867811175874 0.327615024428967 3.83205380120408 0.10831253719045 0.701555853644958 0.112421954543772 0.6953050284878
1461243323.76198 1.15150556861348 0.341161783524308 3.83663048133889 0.089786802488918 0.716399248093201 0.0998230562057773 0.684650133192166
1461243323.84189 1.22427632745532 0.347284860030564 3.83652846400835 0.107083958607404 0.727439959894304 0.103327488246588 0.669841444470699
1461243323.92367 1.29918657393595 0.355728588266467 3.83516048678805 0.0975305302476443 0.730381114124018 0.0944889546600397 0.669405005394959
1461243323.98191 1.35406060025447 0.361967054650876 3.82508246673727 0.107738646380104 0.745558106662645 0.0832128052663641 0.652388781866685
1461243324.0621 1.42980124075552 0.376218098001298 3.81285338915975 0.108782338796251 0.754973023641591 0.0812148944758646 0.641549902388556
1461243324.16191 1.52501442221372 0.389042888419386 3.7946423803714 0.107041344811789 0.766883336440438 0.0631759095037448 0.62963553207331
1461243324.30202 1.65785514321461 0.40208681587524 3.76584806622087 0.120034190152639 0.776184582356626 0.0683748105686335 0.615186290960692
1461243324.44229 1.78830794767889 0.408598097214869 3.74324732529144 0.110276755210271 0.779438113815267 0.0623400713672045 0.613538083165442
1461243324.54184 1.8813391281428 0.41910817811759 3.72783572540984 0.115581135468754 0.779967807465466 0.0695424596200961 0.611109701077682
1461243324.64192 1.97834731234815 0.432026914185698 3.71458076524932 0.111146751635689 0.778158022941136 0.0504732239597073 0.616091668987895
1461243324.72178 2.05474652283356 0.443953390584598 3.69881774158289 0.113286610965499 0.787074212973153 0.0415430669965675 0.604941733254668
1461243324.82366 2.15674582743487 0.455125860622862 3.6827733077081 0.102921614628282 0.791826527627408 0.0248279388084052 0.601499347333274
1461243324.92415 2.25691296117962 0.459017157210478 3.66806584102992 0.109381739852397 0.787890638548472 0.0356043664161582 0.604976285292777
1461243325.00184 2.33816648332351 0.452640863244351 3.65523982325787 0.127125309742424 0.775289209640841 0.0412311710353215 0.617305262874397
1461243325.08209 2.41950425354596 0.440407112761094 3.63865416262715 0.161751692740564 0.757881230344832 0.0354404368172767 0.631028054863464
1461243325.16184 2.49371666405052 0.435101673199535 3.61513454983276 0.184381319447111 0.757919192704969 0.0340911329968987 0.624819830846764
1461243325.26199 2.58961484568306 0.43904726346506 3.58695557214831 0.184201404702246 0.751266591852132 0.029046453850971 0.633107142584322
1461243325.34174 2.66147679092314 0.443780059852889 3.56890408756899 0.170489819827408 0.733034747987551 0.0165778074899593 0.658269288268009
1461243325.42358 2.73014016224985 0.45281023181132 3.55026662215711 0.141906348017768 0.722501613950903 0.016725874282788 0.676442348881319
1461243325.52367 2.80399933873398 0.458110031153473 3.53202331874701 0.0995331685703852 0.713548639284957 0.00211391423217964 0.69349622860946
1461243325.60204 2.85853879826474 0.466148549634891 3.51033224003212 0.0834506298297495 0.727707575501753 0.00707103626264284 0.680755225748985
1461243325.70169 2.92370527001803 0.481124307794029 3.48288553404657 0.0890876036400653 0.735688200221769 0.00754587693304528 0.671393573601533
1461243325.7819 2.97540425563404 0.508121693059951 3.45890876159985 0.0434697378312687 0.759221691359593 0.0111611329545689 0.649282861604348
1461243325.86194 3.02799001760246 0.535096900422965 3.44204705708992 0.0181280028593348 0.759077010240265 0.0332769351065869 0.649897002321863
1461243325.92365 3.07008863819047 0.548096828057092 3.42107894913177 -0.00506486956574174 0.780792186237974 0.0209844168831965 0.624417779418619
1461243326.00169 3.12502657455866 0.558411250639943 3.39832680844436 -0.0359206080993294 0.791628371596026 0.00454804378447935 0.609929132355336
1461243326.08171 3.17843898825042 0.559658726023009 3.37686062987945 -0.0438079885982147 0.800596141786403 -0.00195784104682414 0.597597560863613
1461243326.16196 3.2314607004618 0.560361951540257 3.35901424013425 -0.0431411933587623 0.808923905731228 -0.00667616497403739 0.586290355535
1461243326.22389 3.27211984818615 0.558898379489104 3.35597481218796 -0.0397107169408025 0.791257533349446 -0.0326649139381852 0.609317305084313
1461243326.28166 3.30818047762058 0.557109032527669 3.3431237048615 -0.0378465890802129 0.798768751848144 -0.0749291858145753 0.595753081300564
1461243326.362 3.35427289530774 0.564548771812267 3.32050335710304 -0.0468599649764444 0.808575590917423 -0.119182523378948 0.574286673688301
1461243326.44176 3.40424657385126 0.582394333544867 3.29542310948437 -0.039840284724108 0.824615435898316 -0.124362904448927 0.550414391698073
1461243326.50161 3.44908632101448 0.593735618840383 3.28299652014254 -0.0619454809361318 0.811142798582122 -0.151225482038892 0.561552287220041
1461243326.56163 3.49517786536793 0.606478549342185 3.26580727910629 -0.0511222200529845 0.808319202675778 -0.129802575885064 0.571977164313446
1461243326.62165 3.54128352333745 0.609731917633316 3.24841019093697 -0.0804128397531189 0.801891153645795 -0.152072263310224 0.572169887043317
1461243326.70167 3.59594795126888 0.606896830535843 3.22513195588421 -0.0772132852068171 0.80197159138606 -0.163938962588859 0.569213221686364
1461243326.78173 3.64385193374668 0.609043678894629 3.20485726376471 -0.109327442959226 0.805395201357245 -0.14445934514323 0.564373615123448
1461243326.84185 3.67991197444685 0.5986524041198 3.19949861155427 -0.069523423816665 0.813604976498368 -0.15561036331512 0.555876650514154
1461243326.90308 3.72432824601823 0.60232048825478 3.20386657081196 -0.0662184725419838 0.794510925568223 -0.161147130445586 0.581720813961548
1461243326.96243 3.77052750418236 0.612464435861485 3.20552956052438 -0.0928592316783444 0.782771166010434 -0.155476517102258 0.595376786064527
1461243327.0417 3.82728736655549 0.621734357735349 3.211615163105 -0.0845524949124233 0.763775018575967 -0.155618936936273 0.620710353603184
1461243327.16167 3.90972950084547 0.641081006153396 3.2035103252094 -0.0965962807685535 0.757998178688457 -0.159919498485301 0.624926934649864
1461243327.26196 3.97630545163334 0.649390664943794 3.1863303652227 -0.104179929105235 0.775873357876048 -0.170512730138632 0.598408291863043
1461243327.3819 4.05953999568198 0.647744476204245 3.17168844323927 -0.0990014095959517 0.787760547318392 -0.174342660759536 0.582440278162429
1461243327.50202 4.13865773381569 0.648260494105857 3.16041888753766 -0.0865696723996305 0.786013568478452 -0.180414042597091 0.584926606697084
1461243327.60242 4.20192637715039 0.666035455958595 3.14199967262849 -0.0981266691556335 0.794375563059581 -0.174337387514573 0.57353735443194
1461243327.70166 4.26817924466272 0.692669543436628 3.12320498125992 -0.10244823907327 0.798594663943238 -0.165774570066325 0.569446848223342
1461243327.78248 4.32639124611123 0.715543581311761 3.11115292353682 -0.115601484341998 0.791241327351529 -0.156583360736553 0.579702604659806
1461243327.86178 4.38602936734788 0.728250945879282 3.0966628925995 -0.113345521017583 0.793253936297319 -0.15614874222321 0.577510654201436
1461243327.98191 4.48112886708554 0.737642635580483 3.07957275922378 -0.110358896136471 0.790836376478706 -0.157640519838682 0.580988989729203
1461243328.16171 4.61141400730721 0.737312101503514 3.06177689158709 -0.104258176431017 0.782548187761028 -0.158310042993616 0.59303161531791
1461243328.34164 4.73741882100246 0.755130461142795 3.04126119170286 -0.0968032232201663 0.777240607249402 -0.155457362155636 0.60196277540092
1461243328.48168 4.8430010042954 0.781116038155565 3.02991332154831 -0.113418723994665 0.769741448457863 -0.150329823531191 0.609946915502074
1461243328.60155 4.93704548024187 0.786372073089677 3.02189689320665 -0.0977726686236975 0.774909113432097 -0.151171713644973 0.605890653652723
1461243328.72336 5.02367926071937 0.79480464854653 3.01259474754933 -0.0845982110318913 0.779401515740746 -0.140875765404218 0.604591133472042
1461243328.84165 5.10508828429295 0.816102938392723 3.00221384818743 -0.0807820548209085 0.785027638013619 -0.120979106738227 0.602137793952922
1461243328.92404 5.16427384442747 0.835612668326129 3.00076054243277 -0.0816526568790948 0.771407628480504 -0.110993685873326 0.621243523944454
1461243329.02456 5.2312166831391 0.852288771957813 2.9808103056125 -0.07217287144113 0.785548056916335 -0.110766486694533 0.604513120062967
1461243329.14195 5.31259714554634 0.870316315791496 2.95408662409204 -0.0676717622840837 0.799386401671225 -0.100866797199877 0.588411252981396
1461243329.2418 5.38581951950194 0.874067602530619 2.92537854962187 -0.0620048365104938 0.814480419878606 -0.0895978246460044 0.569867770366407
1461243329.32373 5.43590222450288 0.868285013864158 2.90187671984216 -0.0384577003008795 0.836296764968369 -0.0941301747006229 0.538765474396643
1461243329.42387 5.50171873804343 0.880192616932295 2.88231681925786 -0.0453629797380136 0.853982224731175 -0.0805379533658575 0.512025583325796
1461243329.54151 5.57700861650745 0.906564348900444 2.86626516389025 -0.0518739862030653 0.872153729117124 -0.0686261877105681 0.481609186688556
1461243329.68155 5.6662592823632 0.9374829385553 2.85246419028661 -0.0843822165503522 0.880551496500696 -0.0586491066525295 0.462675897177813
1461243329.80147 5.72836196510864 0.941700825329392 2.83010820238016 -0.0901298368880034 0.901879192732101 -0.0700080303829514 0.416640624401098
1461243329.88153 5.75705062081976 0.94159267920738 2.80614186157798 -0.0803459249446381 0.92462003023279 -0.0576665253068924 0.367827274540828
1461243329.96149 5.77511610387167 0.941376415920155 2.77464291556567 -0.0691558798000888 0.949988556919712 -0.0355992906903268 0.302443212046535
1461243330.06141 5.79388701629446 0.941589990103871 2.73854600836895 -0.0596825584736959 0.969045191419019 -0.0291765105802316 0.237777501946824
1461243330.18283 5.8100459773632 0.945783880163572 2.69279772502498 -0.0592451217434429 0.982368989615402 -0.0326256064855382 0.174289281348768
1461243330.30238 5.82166074913178 0.952504434143312 2.64485383508933 -0.0590747301606002 0.990573116144733 -0.038443380340064 0.11746141637063
1461243330.42414 5.8423396030782 0.958733468461265 2.59433763652921 -0.064355968008915 0.99482576986997 -0.0337477731103302 0.0710005971407999
1461243330.54142 5.86227792570255 0.957439825952589 2.54119599046989 -0.0691358395481343 0.996516187499975 -0.0318360057705284 0.0340909442091147
1461243330.66161 5.88407979780673 0.949038671166997 2.49212472546782 -0.0712683645636447 0.996896687483061 -0.0330908183572723 0.00477623682090143
1461243330.78197 5.90090825626167 0.943651046332039 2.4367366187977 -0.0680767250164556 0.996740674204251 -0.0317873071741907 -0.0293794996639303
1461243330.8617 5.91200629681733 0.943009573498417 2.39514134020721 -0.0620445631017794 0.995730182152609 -0.03740016579039 -0.0572110490962378
1461243330.96218 5.92866629832573 0.950999593632859 2.33861980137694 -0.0625472694871806 0.995205257425464 -0.0314840013183657 -0.0682868386543084
1461243331.06147 5.94645494234121 0.952901857476256 2.27813876381172 -0.0599205630777858 0.994081569762672 -0.0316923694862383 -0.0848937718267471
1461243331.16186 5.96738272600939 0.948093045637332 2.21239824712552 -0.052467648554369 0.994129109155252 -0.0322576352513467 -0.0889601323815959
1461243331.3015 5.99436537599966 0.935195211129649 2.11679583561702 -0.0512691326646034 0.993598485300818 -0.0315732916139409 -0.0955858425730574
1461243331.4814 6.01886298552644 0.917678166004641 1.99738398427723 -0.0495055562278238 0.993105071334241 -0.0479825566556969 -0.0948113466288101
1461243331.60148 6.03202585199141 0.909461380056578 1.91155646831912 -0.0335869660808663 0.993893972961003 -0.0686262230665577 -0.0796060784670039
1461243331.72366 6.03923773950345 0.886065342992299 1.81935855329587 -0.0223553586614616 0.993255234199217 -0.0877005882903882 -0.0724767858593083
1461243331.82969 6.04911028028287 0.862310912110942 1.73814863381978 -0.0295333974357967 0.994028204878078 -0.0862736883606974 -0.0599379432363756
1461243331.90135 6.06188979250359 0.837193994965322 1.67415954039363 -0.0528109798876702 0.993479616806847 -0.087652912306047 -0.0502614997477545
1461243331.98144 6.07024851754461 0.805625336535884 1.61638877465261 -0.0384160184523012 0.992931676389765 -0.104112205239571 -0.0420897168942382
1461243332.06148 6.07039219221707 0.769990424239491 1.56169528698662 -0.0301860181401704 0.989785325208484 -0.13204278796124 -0.0444805177375393
1461243332.14157 6.05702820376501 0.736661276793694 1.51104192746005 -0.0113519088303312 0.985579481861995 -0.158364322765935 -0.058523161000039
1461243332.22332 6.02942188276934 0.70592826379749 1.46403846824601 0.0235100691369228 0.980067043949179 -0.179594268388694 -0.0816196347444931
1461243332.28123 5.99998211411921 0.676860655468851 1.43819764974378 0.0341458654995784 0.97049705398369 -0.213737870676846 -0.10623394333635
1461243332.3413 5.96120609637733 0.646773247874403 1.42050494569632 0.0547918484479371 0.955413244780798 -0.253120792638154 -0.1418211880338
1461243332.40203 5.91940378528485 0.618390237227592 1.40819915770306 0.056092008749287 0.937014279397718 -0.294815411777096 -0.17872268948834
1461243332.46129 5.87217548869561 0.601025255880055 1.39216662062062 0.0504879836502318 0.925793432829833 -0.300276956704517 -0.224033998554597
1461243332.54126 5.80283783155374 0.589562928702474 1.36845643082148 0.072256350511168 0.908605876969432 -0.303844631023151 -0.277295546927503
1461243332.6232 5.73067896206725 0.590244720177183 1.34549963253406 0.0681198817306052 0.898511029808235 -0.285775443585497 -0.326144150444962
1461243332.6814 5.67298797552214 0.59421908533439 1.33590957830236 0.0876659047521289 0.881720576912366 -0.289411545106302 -0.362111130666399
1461243332.7413 5.61465644600699 0.603556516092941 1.33110796568073 0.0918182757353199 0.862201090784779 -0.284122148973501 -0.409210566521944
1461243332.82138 5.54045816129091 0.618834543458428 1.32270950270247 0.11960423479433 0.843701637332498 -0.287828807614873 -0.437054861188758
1461243332.90133 5.46725749940358 0.634982868094414 1.31614395591854 0.141018199587081 0.822659335091199 -0.287215978291355 -0.469949430882372
1461243333.00188 5.3820991674304 0.647756301346758 1.30385657275365 0.160501602389676 0.805257797427785 -0.280934700163426 -0.496864981213393
1461243333.16131 5.2707926262249 0.637654255801546 1.28689861287325 0.148688495563292 0.799003550251012 -0.26679913684872 -0.517979998214393
1461243333.30144 5.17645864643076 0.618311969678868 1.28762198556354 0.138903466124062 0.790298450731578 -0.268379168441984 -0.533016705006869
1461243333.48164 5.04300553335863 0.610159062797107 1.29722283793935 0.113513355236164 0.796323071281715 -0.260364466376025 -0.534036168228533
1461243333.60128 4.94866067410045 0.616186357449257 1.30569830791747 0.071091329225491 0.801257439828782 -0.223993992352899 -0.550235612640429
1461243333.74185 4.84131732782653 0.618786417643501 1.31569601740675 0.0490834795613048 0.808353371014362 -0.193080766945101 -0.553963407672171
1461243333.86121 4.75452123147227 0.616062258478634 1.32731942876254 0.0428079970240752 0.818823949572063 -0.170506318551892 -0.546463548950775
1461243333.98126 4.66791833835329 0.607787461633859 1.34750076040451 0.0282206873666385 0.826822743418145 -0.176887650373522 -0.533177740454702
1461243334.08127 4.59541480205739 0.601688842533439 1.36522826508623 0.0163266624127906 0.840976205087423 -0.192757637461615 -0.505308772703811
1461243334.20161 4.50395932420034 0.596162437043831 1.39472777903399 0.00141061334071598 0.847322347952334 -0.188207771032184 -0.496609186134978
1461243334.32392 4.41205256576331 0.583927218405802 1.4229517702776 -0.00670763028877639 0.856832247558632 -0.179634332195028 -0.483244259082691
1461243334.42369 4.33312016990257 0.568039472293256 1.45189043170102 -0.00365522548191322 0.850722028845944 -0.177179823612722 -0.494839346725261
1461243334.52313 4.25953713707622 0.549456736591842 1.47415979984123 -0.00623148000307532 0.854844325979241 -0.176152016800213 -0.488029521622705
1461243334.62377 4.18087082094227 0.54051919488474 1.49882774623688 -0.0106423291614418 0.852903061075271 -0.175331167336737 -0.491632068724965
1461243334.72195 4.09655440787931 0.53979841878341 1.52495777379337 -0.0190130874816305 0.846378391024276 -0.164682956488311 -0.5061241404575
1461243334.82269 4.00911989546753 0.542826051034431 1.5478896790929 -0.0251010059046983 0.842018569073544 -0.147712430341726 -0.518223606911587
1461243334.90208 3.93728148156183 0.542376262492423 1.56698976051378 -0.0164216362310755 0.83082387869874 -0.147250977244339 -0.536450521621578
1461243334.98183 3.86791117388705 0.540390285181026 1.58048318381829 -0.00855898106372253 0.826787965789651 -0.128126856150407 -0.547660398606267
1461243335.06192 3.8035342313363 0.533582429439489 1.59431453855479 0.00656730560614696 0.822575310401008 -0.132150015132906 -0.553048915301471
1461243335.1412 3.73961040394916 0.531686715402121 1.60554270608443 0.0228550239416788 0.819142750797676 -0.120826117379558 -0.560253381118957
1461243335.2215 3.6721389964176 0.535888791050926 1.6146579140895 0.0355060285375794 0.814417337328311 -0.105430599752633 -0.569515681287489
1461243335.3015 3.60265198417733 0.541490022359549 1.62369231252812 0.0489264659994308 0.811663657237424 -0.0938080472924851 -0.574463539929165
1461243335.38114 3.5324919031907 0.544771291567112 1.63560941326033 0.0630227449671769 0.802181510899474 -0.0852442284996776 -0.587593719074102
1461243335.48116 3.4491054405913 0.541932660442091 1.64806507065122 0.0740618425544149 0.792807517852078 -0.0788926759990431 -0.599789153610152
1461243335.62135 3.34543771290277 0.530560317844856 1.65405866758615 0.0837708286810746 0.792543097917321 -0.0665338320914693 -0.600359171990339
1461243335.76162 3.24739574312909 0.522244947105646 1.65857758713903 0.0893411237424004 0.785512914067768 -0.0500346988784922 -0.610314799385815
1461243335.88181 3.16087329449838 0.519916838613454 1.65641334603432 0.0902622855219014 0.778054983122992 -0.0392684192840403 -0.620436261268453
1461243336.0233 3.05798029497992 0.522077572513912 1.64760127783088 0.0831417465666541 0.765091635008757 -0.0206745441911305 -0.638196523995518
1461243336.16123 2.95940616473514 0.516338099873763 1.63839412249895 0.0844856996645876 0.746156278348842 -0.0168686860118271 -0.660173024490569
1461243336.3237 2.85153082384056 0.507602454136044 1.6303370480591 0.109862879576047 0.726734708839022 -0.0222506613864881 -0.677710645281439
1461243336.44124 2.7697604724074 0.486123620820689 1.62965682781213 0.109424492076129 0.704565561515061 -0.0495748744244306 -0.699396870086398
1461243336.54124 2.69910257871701 0.463604407509176 1.62278135964631 0.0969168712897348 0.698973595421485 -0.0727539317656092 -0.704804865459665
1461243336.66109 2.61442031849984 0.436948100896111 1.61642720491776 0.0686245499648532 0.694476430733131 -0.079815928822182 -0.711774244971356
1461243336.76123 2.5455518645203 0.412838921948113 1.61201765175511 0.0511390783371143 0.691327384340053 -0.0858320613734599 -0.715600516747126
1461243336.84126 2.4965992703798 0.389519581933584 1.60588620708044 0.0291941443991684 0.695538156485201 -0.086599860959142 -0.712653379201857
1461243336.94112 2.44264161559003 0.356636950121027 1.59756959422851 0.0139793660644479 0.698922399084283 -0.105378259787064 -0.707253476306025
1461243337.04138 2.39107972412906 0.324082342339912 1.58400130582707 0.00331521947536747 0.708069532082793 -0.123730091627959 -0.695210336144121
1461243337.12325 2.34871699486001 0.299099430419288 1.57406123836553 -0.000508515221731432 0.708555158357977 -0.15070534958115 -0.689374518374588
1461243337.22308 2.29289345841644 0.272127944475653 1.56098676862602 0.000937220379673104 0.707968708503351 -0.189965217047995 -0.680215146633744
1461243337.34108 2.21802738248733 0.246821379396433 1.54526729795833 0.0166894976231367 0.698898518455121 -0.233640988187436 -0.675776745833358
1461243337.48125 2.12963780507722 0.223633389436526 1.53328796084314 0.0175133353836803 0.682277887152194 -0.245412856767062 -0.688449487994803
1461243337.6411 2.03218010547123 0.195082428906105 1.53418521757673 0.0220792482559917 0.662372037395028 -0.256244578780802 -0.703643735649696
1461243337.78101 1.95169456124755 0.177665581563032 1.54830951634985 0.0304045092632414 0.644753047123696 -0.273227585571226 -0.713243128620311
1461243337.92132 1.87232798914411 0.167395375798041 1.57547657487853 0.0363406822577819 0.625761173373117 -0.293650808913465 -0.721714286360058
1461243338.06097 1.7936367914373 0.160563604306055 1.61410078807089 0.0385282012735984 0.603494427532496 -0.301728911359414 -0.73706832634004
1461243338.22353 1.71389812585591 0.158078875788539 1.65407504890397 0.0414355197412131 0.58606010188938 -0.293550334187286 -0.754085443418528
1461243338.40133 1.64084314589308 0.157836120159022 1.69631678437624 0.0434186123090246 0.579288960644044 -0.278752576153131 -0.764745791403323
1461243338.56155 1.58823875152872 0.155124671111294 1.74525650832822 0.0331996442484864 0.557431737824857 -0.274714174965562 -0.78275140585011
1461243338.72116 1.53852028165748 0.161804214964028 1.79449759140234 0.0429797700554203 0.536569569919418 -0.286852443254888 -0.792440226011511
1461243338.84122 1.49652720364797 0.177952230378256 1.82686664552388 0.076102451741019 0.526001813079362 -0.284605711076712 -0.797828364185398
1461243338.96121 1.45438287220197 0.189051330741649 1.85163024686233 0.0918520492397721 0.533422201216463 -0.255336721995936 -0.801141132822556
1461243339.10102 1.41461689651368 0.189128794124715 1.87793271179262 0.101211144842136 0.538487514614475 -0.235716400209599 -0.802636455337221
1461243339.24123 1.37449671756817 0.190762644690774 1.9041729524236 0.0946496075161524 0.539706298968496 -0.217091748768739 -0.807855021193344
1461243339.38121 1.3395268489005 0.187893790954508 1.92901268917065 0.0829132293673345 0.537012900589447 -0.215919506299472 -0.811246761346867
1461243339.56145 1.29656038108346 0.182161780232673 1.95969051342536 0.0646537990919422 0.528355978946316 -0.229930477486851 -0.814734202852272
1461243339.72272 1.25510143565534 0.185522596294535 1.98247298293138 0.0659788841425848 0.51683949273092 -0.218700090489319 -0.825041814710569
1461243339.8615 1.22444334171183 0.19223359542786 2.00101173033499 0.0590114947208823 0.497342560310793 -0.198486657031862 -0.842479120319684
1461243340.06099 1.19052700203187 0.204620633148407 1.98887070150234 0.083162063541918 0.506294830075973 -0.172345981613094 -0.840860558503971
1461243340.32131 1.15276884901001 0.210911206436213 1.97152424733368 0.0884201847172811 0.509990922914261 -0.148034861561715 -0.842719887769374
1461243340.66085 1.10851405779142 0.19648768230815 1.9772318492994 0.0973516451690191 0.494805515000888 -0.154932125929179 -0.849521156806972
1461243340.88074 1.07284179931057 0.182501650108628 1.99165683974153 0.0946632230018187 0.482578842184187 -0.159869236622668 -0.855919600470023
1461243341.0411 1.0384235834662 0.173133981632926 2.00676174044271 0.0871165756124238 0.470696883675704 -0.167050537858246 -0.861945046828866
1461243341.16102 1.0113559330032 0.169080929854661 2.02341539823939 0.0830187713367475 0.453844160518066 -0.174440610899602 -0.869887254095818
1461243341.26147 0.986740428519403 0.171791955048173 2.04247375036868 0.0828412422148097 0.437668119312327 -0.169634474688376 -0.879095040893257
1461243341.34079 0.969590522920786 0.178931041816487 2.06037742686429 0.0933511684208178 0.417615282587505 -0.160195191845656 -0.889505781663818
1461243341.40085 0.961615000833067 0.182874127487068 2.07729836977019 0.101038455381981 0.389437995427958 -0.160124787655905 -0.901381900544508
1461243341.48106 0.947047429796706 0.186258150594391 2.09596611423108 0.105989387054962 0.376036973124966 -0.157225157096427 -0.906996524056587
1461243341.54096 0.936276151894275 0.189461301490238 2.11027108574952 0.105853158106814 0.367611103847451 -0.151000021094441 -0.911513126003324
1461243341.60096 0.925476749092393 0.194259450064632 2.12384359780765 0.107668967944182 0.360903609482648 -0.146259697090657 -0.914748095931978
1461243341.68103 0.909658222790245 0.20355963395889 2.13987853733011 0.116674349800198 0.359353501685656 -0.132991216515321 -0.916278065466337
1461243341.74079 0.900221626048407 0.210501050420565 2.15389779718751 0.120533268103146 0.349859040020682 -0.130216991211955 -0.91984450783591
1461243341.80168 0.890816156312459 0.216289962070873 2.16639315186478 0.124427489495215 0.344754127392508 -0.12518114677311 -0.921950146155592
1461243341.88104 0.88163608388902 0.224007904988144 2.18132381916374 0.127463691346354 0.343911804900343 -0.119583180004928 -0.922592835924092
1461243342.04267 0.865339628954992 0.239287542983217 2.20341650811557 0.137635982925596 0.35221065820513 -0.113183167176952 -0.918800064822924
1461243342.281 0.842264106160116 0.270970047952303 2.21858389527825 0.166027181481263 0.37619924531667 -0.0965739241574707 -0.906411926226361
1461243342.50139 0.809335200221794 0.299963583771587 2.2273036432035 0.174822976970588 0.404058166872735 -0.0593035312613118 -0.895911276682309
1461243342.80239 0.753807301812928 0.314214634521802 2.25204820245132 0.172568116987637 0.426295289295882 -0.0428611747003856 -0.886936012926967
1461243342.92299 0.723693743440771 0.316931921881326 2.25240055743163 0.16705281651144 0.464638941943661 -0.0303601570635134 -0.869069773371591
1461243343.0226 0.701342061395862 0.323163668820397 2.25077270529964 0.162449250224876 0.493094800258546 -0.00187461514331444 -0.854672010116995
1461243343.10096 0.686054658994996 0.327343476941055 2.2513223441158 0.161941426194605 0.507852711084263 0.00244831475786377 -0.846081913340114
1461243343.26101 0.661016490238631 0.335678722995455 2.24988114907979 0.164040979280571 0.53732531157632 0.0435629961640869 -0.826120046979426
1461243343.42246 0.633851534876765 0.33168979931491 2.24881527198607 0.155516314599818 0.575643392415646 0.0517887356240905 -0.801103793227791
1461243343.60094 0.600729404288482 0.332088251465633 2.2515401924136 0.138649516761076 0.608557293623679 0.0576323598981709 -0.77917446247417
1461243343.72062 0.575587881538763 0.346256881066222 2.24824077641492 0.145035803889564 0.631936046188674 0.0746619973317584 -0.757658917503098
1461243343.82081 0.552375696624753 0.351166690738368 2.23856968360211 0.143124624547361 0.658451542652675 0.073778972836965 -0.735196280590165
1461243343.88107 0.537173941342547 0.353233677944544 2.22653667389586 0.136486650151878 0.688206320225576 0.0822890222926056 -0.707793735449825
1461243343.9608 0.518801145989667 0.352865982875172 2.21343326777708 0.122713323171179 0.717861614244418 0.0958518799510606 -0.67854886354671
1461243344.04073 0.50435370439242 0.347754078794016 2.19605417384583 0.109864438831015 0.747902113834042 0.0908261009050937 -0.648323108177778
1461243344.1408 0.490574054246671 0.343854605936116 2.17637674630832 0.0948834926940422 0.780509086121163 0.104238510695815 -0.609045993488509
1461243344.22268 0.480017101053329 0.335294173985737 2.16082392677967 0.0823383082169043 0.805963708038411 0.103058752422877 -0.577080408499538
1461243344.30066 0.469595840105747 0.324487548713528 2.1442911889978 0.0681009672842618 0.830785346878209 0.105767017441877 -0.542191205838726
1461243344.40112 0.456664059841696 0.308831965886746 2.12381902746397 0.0438446557287935 0.854633229544683 0.115183646780448 -0.504393117158042
1461243344.48079 0.443600605072654 0.290383628325103 2.10036414302562 0.0140222093427056 0.879298196513049 0.110478149592701 -0.463068718136544
1461243344.56074 0.43160242279314 0.273667764426604 2.07590281552453 -0.0138372868110436 0.899519889937363 0.108472220441295 -0.422973136845968
1461243344.66076 0.413954016823885 0.255039291276255 2.04679753815633 -0.0406906186803974 0.919428882181569 0.0963419501512454 -0.379095018171978
1461243344.74081 0.401105349137388 0.243754168705958 2.02058809320966 -0.0630032256909244 0.936169467749254 0.0844839830727769 -0.335380049810325
1461243344.88101 0.364770292663358 0.233431431491058 1.98417453521419 -0.0641119568581695 0.949176084467152 0.0764975345868683 -0.298500493911742
1461243345.02327 0.32702641635343 0.219742220000389 1.94661242205421 -0.0606661287715206 0.958536785324447 0.0755994623355453 -0.267976814844734
1461243345.16268 0.291683301350698 0.198421431938321 1.90860657208799 -0.0778171965180761 0.964554572647561 0.082664102985947 -0.238213363160586
1461243345.28155 0.278124399008055 0.174149868996423 1.87221485205996 -0.0766080106091448 0.974095315574836 0.0742121588037875 -0.199404323853197
1461243345.40077 0.26566628856488 0.152721706577601 1.83057116098232 -0.0748025315309422 0.982439227472921 0.0640199600564202 -0.158490347697726
1461243345.52476 0.244247894544598 0.137369130949404 1.7821733171834 -0.06920957379365 0.988413606397817 0.0519839109144447 -0.124684604458619
1461243345.6242 0.226976439370792 0.130098989056545 1.73789094712735 -0.0757122833791537 0.992492837048874 0.0507715650602465 -0.081534451206374
1461243345.72161 0.207173017300154 0.121970114106758 1.69167343880372 -0.0859678420736302 0.994145584525027 0.0508445219452061 -0.0412179752869966
1461243345.8207 0.195544897617002 0.107695968191425 1.64861144788787 -0.087905830533001 0.995052080598389 0.0462617694345303 0.00194178884186529
1461243345.92107 0.187530004050605 0.0889511070935665 1.60871592569109 -0.102637201458501 0.992314849113001 0.0527327746849813 0.044677730253813
1461243346.00065 0.189441880331424 0.0685972583479203 1.57963679702458 -0.0986016097648935 0.989067615117942 0.0452293143445618 0.0998863574298243
1461243346.08065 0.190350387212919 0.0475619866129535 1.55358445895444 -0.104111915408256 0.983984601799144 0.038800076261982 0.139389980178881
1461243346.1607 0.190012484567918 0.0285323481250634 1.5297598717193 -0.0996271910255303 0.977510829924763 0.0336254946420325 0.182801330132583
1461243346.24125 0.184744656329481 0.00974097085432596 1.50616832330893 -0.0927822227282267 0.971558216272342 0.0235315590275608 0.216592606681408
1461243346.34073 0.171179500563397 -0.0107469074701551 1.47619479316052 -0.0884602047817674 0.964922742707928 0.0199784143496325 0.246373204174181
1461243346.46071 0.146111553595256 -0.0365562300415553 1.44160953246284 -0.0851888915194482 0.959525314084143 0.0174510063972414 0.267860946703952
1461243346.56225 0.125595516262103 -0.067912656343149 1.42414770904433 -0.0821016235851313 0.951766779502742 0.00977281316388577 0.295472186444897
1461243346.6612 0.102868202207254 -0.107112144115365 1.40751260028198 -0.076542255743674 0.943746232094786 0.000404946347740182 0.321689553002612
1461243346.76202 0.0700009743115999 -0.150381148668291 1.39525709029581 -0.0600759076232742 0.939657688134265 -0.00530722467551956 0.336758292874358
1461243346.862 0.0299279579182932 -0.193751793349624 1.38280357592383 -0.0399594001897072 0.936674211147168 -0.0202643077578516 0.347324094095707
1461243346.96079 -0.0189667706536003 -0.227809431497971 1.37139978648646 -0.0269871956846504 0.931982526291945 -0.0289596963222908 0.360335396463466
1461243347.06085 -0.0831305654179408 -0.255128964163907 1.36278644747717 -0.0262648924513197 0.926887088140318 -0.0444758482063441 0.37176925664935
1461243347.16056 -0.164137245258336 -0.277825655994163 1.35299529271772 -0.0257118918205782 0.927145876937241 -0.0570315144185156 0.369441237357732
1461243347.28054 -0.264306818916201 -0.300385731180403 1.3437137766123 -0.00743894054100218 0.926359670738945 -0.0625411202548524 0.371336815935788
1461243347.38054 -0.350964980476329 -0.314786046615137 1.32913618669932 0.00526842843247746 0.930293540456245 -0.0634305687180592 0.361251623109627
1461243347.48086 -0.438962460025598 -0.316158237307347 1.31177050097213 0.00756103833621348 0.935423505963137 -0.0569922492475066 0.348823133861018
1461243347.58059 -0.529991828605455 -0.306520285356774 1.2949935064661 -0.0043042076372345 0.938267100631248 -0.0470609295169399 0.342668339043235
1461243347.68055 -0.625035739262668 -0.28802894491573 1.27605910548191 -0.0137500962553941 0.94236806151257 -0.0349792892746759 0.332460254490437
1461243347.78065 -0.723160814399222 -0.275161375770915 1.25286389203645 -0.0228083009394073 0.947564639350747 -0.0347704617662735 0.316847046141994
1461243347.86133 -0.803077051163561 -0.271391842029932 1.23348153154167 -0.0258187054598639 0.952915727130665 -0.0355144714589402 0.300039553646525
1461243347.98073 -0.911146550629248 -0.27151867710287 1.21424003446728 -0.0415964005065446 0.954605096975027 -0.0354345527618095 0.292819467871878
1461243348.08043 -1.00658293113446 -0.279571197233075 1.19837795943042 -0.0203325294915402 0.957810352549219 -0.0446081116162667 0.283189041405289
1461243348.18039 -1.10632726497048 -0.27966065688643 1.18258573964357 -0.0115874517864852 0.964694427985895 -0.0323643753108899 0.26111862971607
1461243348.26062 -1.19227576998314 -0.273452590264214 1.17084193875028 -0.0156173968176393 0.972435927355668 -0.0107937087658742 0.232396127238904
1461243348.36046 -1.29775213685736 -0.268787788566595 1.16484067059094 -0.0156606014245075 0.976352348299944 -0.00175196258381987 0.215610222761615
1461243348.48039 -1.42136737015383 -0.26031181149915 1.16743459336594 -0.0226574829635929 0.978906115416898 0.0176383718537286 0.202282830471355
1461243348.62243 -1.54457723444001 -0.257733003047699 1.18694978746972 -0.0122214865151991 0.97730683199107 0.0379028422757527 0.20805135413728
1461243348.78055 -1.66668190037092 -0.262919846447638 1.21307817176401 -0.0117195151674539 0.977512019317172 0.0503739264934149 0.204439165974481
1461243348.94061 -1.77912718800151 -0.262166822336926 1.24369011258321 -0.0129392034987716 0.976618731349566 0.0725163623695837 0.201964867684121
1461243349.14081 -1.91230934726047 -0.26082853878819 1.28333850701939 -0.0193150709798253 0.976382339308255 0.0653074435239789 0.205035102702797
1461243349.32249 -2.02648946889681 -0.258407367379038 1.32821600872736 -0.0340011665864023 0.977381092429539 0.0723659958372031 0.195788874756699
1461243349.54179 -2.13418638445264 -0.279012392928354 1.39788874003011 -0.0156915857821144 0.98066139069451 0.0700653047031349 0.182065548673026
1461243349.74043 -2.2158432875321 -0.309963580117651 1.46582179662398 -0.0136216208022133 0.985213406575192 0.0495991303020808 0.163428642607419
1461243349.94059 -2.26018084346988 -0.370260310909589 1.54750683142814 -0.0116685447043743 0.987463846049269 0.00336569409289031 0.157377475876763
1461243350.14047 -2.25658552845068 -0.420645311810891 1.62892186818909 0.00700122777652365 0.98741596862425 -0.0289340043420244 0.155317452683821
1461243350.3231 -2.20596834803336 -0.451695649643305 1.69334854163938 -0.000943702870043331 0.982565094340389 -0.0713616433081222 0.171675451573954
1461243350.44074 -2.14709321087661 -0.462487338040306 1.73513549759151 -0.0117182774149307 0.973945916566724 -0.10362440309554 0.201380278727891
1461243350.56046 -2.07078734558306 -0.462053264732714 1.77524174884497 -0.0137846121277807 0.966108563736894 -0.117273105193183 0.229545739104586
1461243350.70081 -1.9746005656564 -0.452395088607456 1.81182118472744 -0.0109607136225516 0.960033941878771 -0.117447522993108 0.253812475147255
1461243350.80045 -1.89659137149738 -0.443071443045988 1.8356227633397 -0.0144190703342619 0.954592170626353 -0.116027428589238 0.274013711344035
1461243350.92304 -1.80083172055659 -0.432900808691203 1.85420742510558 -0.00672208412715866 0.949007403118826 -0.112854839610708 0.29428480692535
1461243351.02237 -1.72060485554695 -0.417016824899439 1.86209986285896 -0.00483370491837535 0.943475619104593 -0.0950154668707169 0.317494019640224
1461243351.14036 -1.6274309715892 -0.397206463383383 1.86149000902859 0.0178165692358221 0.935261276879654 -0.0824513219873919 0.343759644712167
1461243351.26045 -1.53156868609355 -0.37202943789555 1.85511162405085 0.0267405552046287 0.926525353835581 -0.0749209010658037 0.367726216077517
1461243351.38054 -1.43455206823189 -0.347821231004761 1.84445084131212 0.0359327933886516 0.915356600290206 -0.069460408828849 0.394976430018012
1461243351.48076 -1.35143571106376 -0.332415033865389 1.83993528154784 0.0350126860280379 0.902018644638054 -0.0614272890097238 0.425867543618136
1461243351.58071 -1.26503311845775 -0.319487534047682 1.83688502383319 0.0218008758733693 0.883674402900576 -0.0509812390010259 0.464806610042699
1461243351.68035 -1.18372790151504 -0.303982241579764 1.82564371598909 0.0125128953046684 0.868023793548345 -0.0350712148157802 0.495124359304185
1461243351.80042 -1.08648713729294 -0.28118561634312 1.7998445158732 0.000671432829178778 0.852746278683301 -0.0251561153500949 0.521718797083478
1461243352.06024 -0.876860781009524 -0.235886369685598 1.70382910433892 -0.0285699893715554 0.845333814621034 -0.0337788527010184 0.53240349987182
1461243352.18045 -0.789025111853818 -0.227054228086014 1.64342646417857 -0.0193268122139602 0.847848541541711 -0.0131144527324379 0.529723829995186
1461243352.30036 -0.708763248009996 -0.218355402681 1.58258288663189 0.0140109766600252 0.84215984064869 0.00847159533266343 0.53897933856886
1461243352.44024 -0.620308556193158 -0.18707749350581 1.50027468054561 0.0152335542883514 0.838535185350912 0.0197248433137272 0.544277146597673
1461243352.5601 -0.545704355988978 -0.157608243999058 1.42769948534424 0.00428988358680272 0.828856005856149 0.0253677020145715 0.558870108477366
1461243352.78028 -0.421076616463079 -0.143287661535917 1.30990277729368 0.000105893021906287 0.801898186570852 0.0395453337945392 0.596150529427028
1461243352.88012 -0.368784466166824 -0.142084391309846 1.25635679525084 -0.0119181855570929 0.787670460378683 0.0457967724622394 0.614276695253777
1461243352.98022 -0.318328602968608 -0.134950102059965 1.20185710693471 -0.0130392532608326 0.768073465973681 0.0567268153563431 0.637710904063201
1461243353.08045 -0.267825031116737 -0.127871403519447 1.14272930163914 -0.0168864704806314 0.755103836159961 0.0514445838209197 0.65336551678728
1461243353.18018 -0.221476398690588 -0.120408943919645 1.08064106439288 -0.0391821167630262 0.748398913385006 0.0346420694666171 0.661183601727373
1461243353.28037 -0.178191196684767 -0.115648969432188 1.02333353109313 -0.035139182827117 0.738170482879746 0.0266351523745913 0.673171705208491
1461243353.46058 -0.112136524319632 -0.102818425961175 0.930873340406647 -0.0545896347917736 0.706808585219674 0.0644297245706141 0.702346357735853
1461243353.56032 -0.0808243684545769 -0.0976591492810625 0.875820576412065 -0.0426572811757944 0.690738083231665 0.0866423471778161 0.716627072061651
1461243353.66067 -0.0534952099517072 -0.0844523155967174 0.82231224986078 -0.0458470119662421 0.667849413973083 0.102148717904874 0.735826644788001
1461243353.76051 -0.0314565800903421 -0.0692627249077385 0.772733547335752 -0.0619944199901098 0.637000881518168 0.107185098922272 0.760853417817249
1461243353.84047 -0.017646476046251 -0.0602965231405053 0.737840002143423 -0.0746009228256197 0.605359131709514 0.105888587437768 0.785342365481389
1461243354.02214 0.00836980486611255 -0.0460497184543107 0.659508861109951 -0.0915245588618309 0.544420310413487 0.119505856837929 0.825195813680524
1461243354.12225 0.0207355412534017 -0.0389704612463268 0.615085478540678 -0.100392607785225 0.522139147953783 0.138920982140532 0.835459750794309
1461243354.24027 0.0352193998339358 -0.0345259289607073 0.565396489001983 -0.0892988312422778 0.491880973796046 0.149027009409961 0.853152844936088
1461243354.36007 0.0499662254718841 -0.0254659902238231 0.519523629738052 -0.0883040119928844 0.468803126863139 0.150671817075265 0.865866059646954
1461243354.48029 0.0601655327291465 -0.0114333015054021 0.487339451965971 -0.0796227666972446 0.429670394196381 0.161712747884217 0.884812157774936
1461243354.58011 0.0638859490264083 0.00454468187708393 0.468021297658273 -0.0839284317455199 0.384903498924869 0.165028128032184 0.904196345833317
1461243354.70009 0.0685921439080697 0.0257673165097717 0.437266731550134 -0.103690978326542 0.360515964200434 0.173121447731725 0.910662058562663
